0 0.2984375 0.6236111111111111 0.20546875 0.19583333333333333
0 0.865625 0.3527777777777778 0.07421875 0.10138888888888889
4 0.025 0.3055555555555556 0.04921875 0.10555555555555556
0 0.90546875 0.625 0.078125 0.10972222222222222
0 0.2109375 0.22083333333333333 0.11953125 0.12083333333333333
6 0.1578125 0.14027777777777778 0.03984375 0.06111111111111111
6 0.146875 0.16666666666666666 0.03359375 0.06944444444444445
6 0.61328125 0.11944444444444445 0.03359375 0.09027777777777778
4 0.5390625 0.18611111111111112 0.1671875 0.19305555555555556
6 0.96640625 0.9402777777777778 0.0375 0.030555555555555555
6 0.9734375 0.9138888888888889 0.03671875 0.030555555555555555